ausgangswinkel

Winkelverstellungnichtschraube(grad), wert1(mV), wert2, Wert3
290, -1.6, -1.61, -1.57
295, -1.2, -1.15, -1.17
300, 0.555, 0.599, 0.548
301, 2.89, 2.85, 2.92
302, 5.79, 5.68, 5.82
303, 10.1,10.0, 9.44
304, 13.7, 13.5, 12.9
305, 14.2, 14.3,14.6
306, 16.4, 17.1, 17.3
307, 16.3,15.7, 15.7
308, 15.2,14.9,15.0
309, 13.2,14.0,13.7
310, 13.5,13.3,13.4
311, 13.4,13.6,13.5
312, 14.0,14.1,14.2
313, 15.1, 15.4, 15.5
314, 14.3, 14.3, 14.4
316, 12.9, 12.8, 12.7
318, 14.4,13.4,13.5
320, 12.3, 12.8, 12.7
322, 10.5, 10.6, 10.7
324, 10.5, 10.5, 10.9
326, 9.94, 8.75, 8.68
327, 8.93, 8.23, 9.42
328, 7.13, 7.34, 7.55
329, 5.2, 5.29, 5.05
330, 4.26, 4.58, 4.77
335, 2.22, 2.41, 2.05
340, -0.331, -0.364, -0.406
345, -1.37, -1.37, -1.33
350, -1.69, -1.72, -1.75


micrometerschraubenvariation 
optimum bei 

250 = 1.9
256=0

micrometerschraube, wert1, wert2, wert3 
1.5, 17.7, 17.6, 17. 7
0, 18.1, 18.0, 18.1
1, 19.1, 19.3, 19.2
3, 17.7, 17.7, 17. 8
4, 17.5, 17.8, 17. 9
5, 16.4, 16.4, 16.5
6, 13.4, 13.3, 13. 4
7, 11.3, 12.7, 13.1
8, 11.8, 11.8, 11.9
9, 10.1, 10.3, 10.4
10, 7.6, 7.63, 7.58
11, 5.47, 5.45, 5.38
12, 3.49, 3.50, 3.55
13, 2.45, 2.43, 2.44
14, 1.15, 1.17, 1.14
15, 0.551, 0.583, 0.595


power!

anglepolarizore, power(mW),fehlerpower(microwatt), wert1, wert2, wert3
330, 6.693, 6, 18.0, 19.7, 19.4
340, 6.318, 1, 15.9, 15.4, 15.5
350, 4.744, 0.6, 10.0, 10.2, 10.3
0, 2.497, 0.8, 2.2, 2.24, 2.18
10, 0.638, 0.2, -522, -506, -524
20, 0.146, 0.3, -701, -719, -682
15, 0.179, 1, -692, -689, -686
5, 1.322, 0.4, 47.1, 66.2, 55.3 #micro 
355, 3.633, 0.4, 5.10, 5.13, 5.26
345, 5.651, 1.5, 13.9, 14.1, 14.2
335, 6.715, 1.6, 20.0, 19.9, 20.9
325, 6.265, 10, 17.2, 17.0, 16.9
320, 5.57, 0.8, 13.0, 12.8, 13.0
308, 3.03, 0.8, 3.27, 3.22, 3.24




totale

ohnefilter: 11.46, fehler 2
mitfilter1 0.096, fehler 0.09

filter2:
0.101, 1.1

filter3:
0.089, 0.02

blau: 
wert1, wert2, wert3
18.3, 17.7, 17.7

rot (blaufilter weg, die drei andern rein)
55.4, 55.3, 55.4














