# XGS1: >3.011E-07,0.000E+00,0.000E+00,OPEN     ,1.333E-04
# XGS2: >0.000E+00,0.000E+00,OPEN     ,1.393E+00,OPEN     ,OPEN
# 2024-10-10 16:44:24
# 
1.5	3.152e-07	3.122e-07	3.101e-07	3.07e-07	3.05e-07
1.52	3.152e-07	3.122e-07	3.101e-07	3.07e-07	3.05e-07
1.54	3.152e-07	3.122e-07	3.101e-07	3.07e-07	3.05e-07
1.56	3.152e-07	3.122e-07	3.101e-07	3.07e-07	3.05e-07
1.58	3.152e-07	3.122e-07	3.101e-07	3.07e-07	3.05e-07
1.6	3.152e-07	3.122e-07	3.101e-07	3.07e-07	3.05e-07
1.62	3.152e-07	3.122e-07	3.101e-07	3.07e-07	3.05e-07
1.64	3.152e-07	3.122e-07	3.101e-07	3.07e-07	3.05e-07
1.66	3.152e-07	3.122e-07	3.101e-07	3.07e-07	3.05e-07
1.68	3.152e-07	3.122e-07	3.101e-07	3.07e-07	3.05e-07
1.7	3.158e-07	3.115e-07	3.083e-07	3.054e-07	3.035e-07
1.72	3.158e-07	3.115e-07	3.083e-07	3.054e-07	3.035e-07
1.74	3.158e-07	3.115e-07	3.083e-07	3.054e-07	3.035e-07
1.76	3.158e-07	3.115e-07	3.083e-07	3.054e-07	3.035e-07
1.78	3.158e-07	3.115e-07	3.083e-07	3.054e-07	3.035e-07
1.8	3.158e-07	3.115e-07	3.083e-07	3.054e-07	3.035e-07
1.82	3.158e-07	3.115e-07	3.083e-07	3.054e-07	3.035e-07
1.84	3.158e-07	3.115e-07	3.083e-07	3.054e-07	3.035e-07
1.86	3.158e-07	3.115e-07	3.083e-07	3.054e-07	3.035e-07
1.88	3.158e-07	3.115e-07	3.083e-07	3.054e-07	3.035e-07
1.9	3.152e-07	3.124e-07	3.08e-07	3.072e-07	3.033e-07
1.92	3.152e-07	3.124e-07	3.08e-07	3.072e-07	3.033e-07
1.94	3.152e-07	3.124e-07	3.08e-07	3.072e-07	3.033e-07
1.96	3.152e-07	3.124e-07	3.08e-07	3.072e-07	3.033e-07
1.98	3.152e-07	3.124e-07	3.08e-07	3.072e-07	3.033e-07
2	3.152e-07	3.124e-07	3.08e-07	3.072e-07	3.033e-07
2.02	3.152e-07	3.124e-07	3.08e-07	3.072e-07	3.033e-07
2.04	3.152e-07	3.124e-07	3.08e-07	3.072e-07	3.033e-07
2.06	3.152e-07	3.124e-07	3.08e-07	3.072e-07	3.033e-07
2.08	3.152e-07	3.124e-07	3.08e-07	3.072e-07	3.033e-07
2.1	3.147e-07	3.149e-07	3.082e-07	3.063e-07	3.048e-07
2.12	3.147e-07	3.149e-07	3.082e-07	3.063e-07	3.048e-07
2.14	3.147e-07	3.149e-07	3.082e-07	3.063e-07	3.048e-07
2.16	3.147e-07	3.149e-07	3.082e-07	3.063e-07	3.048e-07
2.18	3.147e-07	3.149e-07	3.082e-07	3.063e-07	3.048e-07
2.2	3.147e-07	3.149e-07	3.082e-07	3.063e-07	3.048e-07
2.22	3.147e-07	3.149e-07	3.082e-07	3.063e-07	3.048e-07
2.24	3.147e-07	3.149e-07	3.082e-07	3.063e-07	3.048e-07
2.26	3.147e-07	3.149e-07	3.082e-07	3.063e-07	3.048e-07
2.28	3.147e-07	3.149e-07	3.082e-07	3.063e-07	3.048e-07
2.3	3.155e-07	3.115e-07	3.097e-07	3.055e-07	3.046e-07
2.32	3.155e-07	3.115e-07	3.097e-07	3.055e-07	3.046e-07
2.34	3.155e-07	3.115e-07	3.097e-07	3.055e-07	3.046e-07
2.36	3.155e-07	3.115e-07	3.097e-07	3.055e-07	3.046e-07
2.38	3.155e-07	3.115e-07	3.097e-07	3.055e-07	3.046e-07
2.4	3.155e-07	3.115e-07	3.097e-07	3.055e-07	3.046e-07
2.42	3.155e-07	3.115e-07	3.097e-07	3.055e-07	3.046e-07
2.44	3.155e-07	3.115e-07	3.097e-07	3.055e-07	3.046e-07
2.46	3.155e-07	3.115e-07	3.097e-07	3.055e-07	3.046e-07
2.48	3.155e-07	3.115e-07	3.097e-07	3.055e-07	3.046e-07
2.5	3.131e-07	3.105e-07	3.086e-07	3.073e-07	3.044e-07
2.52	3.131e-07	3.105e-07	3.086e-07	3.073e-07	3.044e-07
2.54	3.131e-07	3.105e-07	3.086e-07	3.073e-07	3.044e-07
2.56	3.131e-07	3.105e-07	3.086e-07	3.073e-07	3.044e-07
2.58	3.131e-07	3.105e-07	3.086e-07	3.073e-07	3.044e-07
2.6	3.131e-07	3.105e-07	3.086e-07	3.073e-07	3.044e-07
2.62	3.131e-07	3.105e-07	3.086e-07	3.073e-07	3.044e-07
2.64	3.131e-07	3.105e-07	3.086e-07	3.073e-07	3.044e-07
2.66	3.131e-07	3.105e-07	3.086e-07	3.073e-07	3.044e-07
2.68	3.131e-07	3.105e-07	3.086e-07	3.073e-07	3.044e-07
2.7	3.144e-07	3.097e-07	3.095e-07	3.055e-07	3.042e-07
2.72	3.144e-07	3.097e-07	3.095e-07	3.055e-07	3.042e-07
2.74	3.144e-07	3.097e-07	3.095e-07	3.055e-07	3.042e-07
2.76	3.144e-07	3.097e-07	3.095e-07	3.055e-07	3.042e-07
2.78	3.144e-07	3.097e-07	3.095e-07	3.055e-07	3.042e-07
2.8	3.144e-07	3.097e-07	3.095e-07	3.055e-07	3.042e-07
2.82	3.144e-07	3.097e-07	3.095e-07	3.055e-07	3.042e-07
2.84	3.144e-07	3.097e-07	3.095e-07	3.055e-07	3.042e-07
2.86	3.144e-07	3.097e-07	3.095e-07	3.055e-07	3.042e-07
2.88	3.144e-07	3.097e-07	3.095e-07	3.055e-07	3.042e-07
2.9	3.125e-07	3.114e-07	3.068e-07	3.052e-07	3.027e-07
2.92	3.125e-07	3.114e-07	3.068e-07	3.052e-07	3.027e-07
2.94	3.125e-07	3.114e-07	3.068e-07	3.052e-07	3.027e-07
2.96	3.125e-07	3.114e-07	3.068e-07	3.052e-07	3.027e-07
2.98	3.125e-07	3.114e-07	3.068e-07	3.052e-07	3.027e-07
3	3.125e-07	3.114e-07	3.068e-07	3.052e-07	3.027e-07
3.02	3.125e-07	3.114e-07	3.068e-07	3.052e-07	3.027e-07
3.04	3.125e-07	3.114e-07	3.068e-07	3.052e-07	3.027e-07
3.06	3.125e-07	3.114e-07	3.068e-07	3.052e-07	3.027e-07
3.08	3.125e-07	3.114e-07	3.068e-07	3.052e-07	3.027e-07
3.1	3.124e-07	3.113e-07	3.085e-07	3.066e-07	3.027e-07
3.12	3.124e-07	3.113e-07	3.085e-07	3.066e-07	3.027e-07
3.14	3.124e-07	3.113e-07	3.085e-07	3.066e-07	3.027e-07
3.16	3.124e-07	3.113e-07	3.085e-07	3.066e-07	3.027e-07
3.18	3.124e-07	3.113e-07	3.085e-07	3.066e-07	3.027e-07
3.2	3.124e-07	3.113e-07	3.085e-07	3.066e-07	3.027e-07
3.22	3.124e-07	3.113e-07	3.085e-07	3.066e-07	3.027e-07
3.24	3.124e-07	3.113e-07	3.085e-07	3.066e-07	3.027e-07
3.26	3.124e-07	3.113e-07	3.085e-07	3.066e-07	3.027e-07
3.28	3.124e-07	3.113e-07	3.085e-07	3.066e-07	3.027e-07
3.3	3.138e-07	3.108e-07	3.081e-07	3.074e-07	3.04e-07
3.32	3.138e-07	3.108e-07	3.081e-07	3.074e-07	3.04e-07
3.34	3.138e-07	3.108e-07	3.081e-07	3.074e-07	3.04e-07
3.36	3.138e-07	3.108e-07	3.081e-07	3.074e-07	3.04e-07
3.38	3.138e-07	3.108e-07	3.081e-07	3.074e-07	3.04e-07
3.4	3.138e-07	3.108e-07	3.081e-07	3.074e-07	3.04e-07
3.42	3.138e-07	3.108e-07	3.081e-07	3.074e-07	3.04e-07
3.44	3.138e-07	3.108e-07	3.081e-07	3.074e-07	3.04e-07
3.46	3.138e-07	3.108e-07	3.081e-07	3.074e-07	3.04e-07
3.48	3.138e-07	3.108e-07	3.081e-07	3.074e-07	3.04e-07
3.5	3.135e-07	3.114e-07	3.079e-07	3.063e-07	3.036e-07
3.52	3.135e-07	3.114e-07	3.079e-07	3.063e-07	3.036e-07
3.54	3.135e-07	3.114e-07	3.079e-07	3.063e-07	3.036e-07
3.56	3.135e-07	3.114e-07	3.079e-07	3.063e-07	3.036e-07
3.58	3.135e-07	3.114e-07	3.079e-07	3.063e-07	3.036e-07
3.6	3.135e-07	3.114e-07	3.079e-07	3.063e-07	3.036e-07
3.62	3.135e-07	3.114e-07	3.079e-07	3.063e-07	3.036e-07
3.64	3.135e-07	3.114e-07	3.079e-07	3.063e-07	3.036e-07
3.66	3.135e-07	3.114e-07	3.079e-07	3.063e-07	3.036e-07
3.68	3.135e-07	3.114e-07	3.079e-07	3.063e-07	3.036e-07
3.7	3.133e-07	3.115e-07	3.082e-07	3.057e-07	3.019e-07
3.72	3.133e-07	3.115e-07	3.082e-07	3.057e-07	3.019e-07
3.74	3.133e-07	3.115e-07	3.082e-07	3.057e-07	3.019e-07
3.76	3.133e-07	3.115e-07	3.082e-07	3.057e-07	3.019e-07
3.78	3.133e-07	3.115e-07	3.082e-07	3.057e-07	3.019e-07
3.8	3.133e-07	3.115e-07	3.082e-07	3.057e-07	3.019e-07
3.82	3.133e-07	3.115e-07	3.082e-07	3.057e-07	3.019e-07
3.84	3.133e-07	3.115e-07	3.082e-07	3.057e-07	3.019e-07
3.86	3.133e-07	3.115e-07	3.082e-07	3.057e-07	3.019e-07
3.88	3.133e-07	3.115e-07	3.082e-07	3.057e-07	3.019e-07
3.9	3.133e-07	3.107e-07	3.08e-07	3.035e-07	3.013e-07
3.92	3.133e-07	3.107e-07	3.08e-07	3.035e-07	3.013e-07
3.94	3.133e-07	3.107e-07	3.08e-07	3.035e-07	3.013e-07
3.96	3.133e-07	3.107e-07	3.08e-07	3.035e-07	3.013e-07
3.98	3.133e-07	3.107e-07	3.08e-07	3.035e-07	3.013e-07
4	3.133e-07	3.107e-07	3.08e-07	3.035e-07	3.013e-07
